default scene
25
scene
1.000000
0.100000
2
1
1
0.000000
1.000000
1.000000
1.000000
1.000000
1.000000
0.600000
1
0.960000
0.200000
0.900000
0.200000
0
1
1.000000
50.000000
0.130000
0.750000
0.750000
0.750000
models/castle/castle.fbx
1
model
models/castle/castle.fbx
0.000000
0.000000
0.000000
0.000000
-0.000000
0.000000
1.000000
1.000000
1.000000
1A
0
mesh
9
0
1
2
3
4
5
6
7
8
-49.126118
4.629319
-24.304047
0.000000
-0.000000
0.000000
0.010000
0.010000
0.010000
camera
0
camera
-822.799805
-11.600098
-36.048134
-2.846214
-3.866773
0.000000
0.000000
0.000000
1.000000
1.000000
1.000000
player
1
fnode
capsule
1000.000000
0.395000
1.041000
1.000000
1.000000
1.000000
-62.036999
13.520000
-5.424000
0.000027
71.612274
0.000050
1.000000
1.000000
1.000000
models/knight/knight.fbx
4
model
models/knight/knight.fbx
0.000000
-0.873000
0.000000
0.000000
-0.000000
0.000000
1.000000
1.000000
1.000000
Paladin_J_Nordstrom_Sword0
0
mesh
1
0
0.000000
0.000000
0.000000
0.000000
-0.000000
0.000000
0.010000
0.010000
0.010000
Paladin_J_Nordstrom0
0
mesh
1
1
0.000000
0.000000
0.000000
0.000000
-0.000000
0.000000
0.010000
0.010000
0.010000
Paladin_J_Nordstrom_Shield0
0
mesh
1
2
0.000000
0.000000
0.000000
0.000000
-0.000000
0.000000
0.010000
0.010000
0.010000
Paladin_J_Nordstrom_Helmet0
0
mesh
1
3
0.000000
0.000000
0.000000
0.000000
-0.000000
0.000000
0.010000
0.010000
0.010000
fmeshobj
0
empty
0.000000
0.000000
0.000000
0.000000
0.000000
0.000000
1.000000
1.000000
1.000000
fmeshobj0
0
empty
0.000000
0.000000
0.000000
0.000000
0.000000
0.000000
1.000000
1.000000
1.000000
fmeshobj1
0
empty
0.000000
0.000000
0.000000
0.000000
0.000000
0.000000
1.000000
1.000000
1.000000
fobj
1
fnode
box
1.000000
1.000000
1.000000
0.300000
0.300000
0.300000
-36.470901
-4.699999
-8.095273
89.934479
-0.000057
-89.999763
1.000000
1.000000
1.000000
rock
1
model
models/rock/rock.obj
0.000000
-0.218000
0.000000
0.000000
-0.000000
0.000000
0.300000
0.300000
0.300000
Cube00
0
mesh
1
0
0.000000
0.000000
0.000000
0.000000
-0.000000
0.000000
1.000000
1.000000
1.000000
fobj0
1
fnode
box
1.000000
1.000000
1.000000
0.300000
0.300000
0.300000
-37.746983
-4.699907
-4.498658
-179.986404
66.382370
-179.980591
1.000000
1.000000
1.000000
rock
1
model
models/rock/rock.obj
0.000000
-0.218000
0.000000
0.000000
-0.000000
0.000000
0.300000
0.300000
0.300000
Cube00
0
mesh
1
0
0.000000
0.000000
0.000000
0.000000
-0.000000
0.000000
1.000000
1.000000
1.000000
fobj1
1
fnode
box
1.000000
1.000000
1.000000
0.300000
0.300000
0.300000
-38.333050
-4.700000
-5.383812
89.998856
82.225594
179.998230
1.000000
1.000000
1.000000
rock
1
model
models/rock/rock.obj
0.000000
-0.218000
0.000000
0.000000
-0.000000
0.000000
0.300000
0.300000
0.300000
Cube00
0
mesh
1
0
0.000000
0.000000
0.000000
0.000000
-0.000000
0.000000
1.000000
1.000000
1.000000
fobj2
1
fnode
box
1.000000
1.000000
1.000000
0.300000
0.300000
0.300000
-39.155125
-4.699994
-4.025370
-0.001080
-50.387436
0.001419
1.000000
1.000000
1.000000
rock
1
model
models/rock/rock.obj
0.000000
-0.218000
0.000000
0.000000
-0.000000
0.000000
0.300000
0.300000
0.300000
Cube00
0
mesh
1
0
0.000000
0.000000
0.000000
0.000000
-0.000000
0.000000
1.000000
1.000000
1.000000
fobj3
1
fnode
box
1.000000
1.000000
1.000000
0.300000
0.300000
0.300000
-37.268173
-4.699950
-5.549430
123.463112
-0.005502
-89.992928
1.000000
1.000000
1.000000
rock
1
model
models/rock/rock.obj
0.000000
-0.218000
0.000000
0.000000
-0.000000
0.000000
0.300000
0.300000
0.300000
Cube00
0
mesh
1
0
0.000000
0.000000
0.000000
0.000000
-0.000000
0.000000
1.000000
1.000000
1.000000
fmeshobj2
0
empty
0.000000
0.000000
0.000000
0.000000
0.000000
0.000000
1.000000
1.000000
1.000000
fmeshobj3
0
empty
0.000000
0.000000
0.000000
0.000000
-0.000000
0.000000
1.000000
1.000000
1.000000
enemies
2
empty
0.000000
0.000000
0.000000
0.000000
0.000000
0.000000
1.000000
1.000000
1.000000
enemy
1
fnode
capsule
1.000000
0.564000
0.969000
1.000000
1.000000
1.000000
-42.448357
-3.951499
-10.912827
0.000009
52.559578
0.000012
1.000000
1.000000
1.000000
enemy_model
1
model
models/enemy/enemy.fbx
0.000000
-0.968000
0.000000
0.000000
-0.000000
0.000000
1.000000
1.000000
1.000000
skeletonZombie00
0
mesh
2
0
1
0.000000
0.000000
0.000000
0.000000
-0.000000
0.000000
0.010000
0.010000
0.010000
enemy_dva
1
fnode
capsule
1.000000
0.564000
0.969000
1.000000
1.000000
1.000000
-39.911674
-3.951499
-8.271577
0.000000
-0.000000
0.000000
1.000000
1.000000
1.000000
enemy_model00
1
model
models/enemy/enemy.fbx
0.000000
-0.968000
0.000000
0.000000
-0.000000
0.000000
1.000000
1.000000
1.000000
skeletonZombie0000
0
mesh
2
0
1
0.000000
0.000000
0.000000
0.000000
-0.000000
0.000000
0.010000
0.010000
0.010000
fmeshobj4
0
empty
0.000000
0.000000
0.000000
0.000000
-0.000000
0.000000
1.000000
1.000000
1.000000
fmeshobj5
0
empty
0.000000
0.000000
0.000000
0.000000
-0.000000
0.000000
1.000000
1.000000
1.000000
fmeshobj6
0
empty
0.000000
0.000000
0.000000
0.000000
-0.000000
0.000000
1.000000
1.000000
1.000000
fmeshobj7
0
empty
0.000000
0.000000
0.000000
0.000000
-0.000000
0.000000
1.000000
1.000000
1.000000
fmeshobj8
0
empty
0.000000
0.000000
0.000000
0.000000
-0.000000
0.000000
1.000000
1.000000
1.000000
fmeshobj9
0
empty
0.000000
0.000000
0.000000
0.000000
-0.000000
0.000000
1.000000
1.000000
1.000000
spot_light
0
spot_light
1.000000
1.000000
1.000000
1.000000
0.049000
31.347000
0.000000
-1.000000
0.000000
-43.925999
0.551000
-8.264000
0.000000
0.000000
0.000000
1.000000
1.000000
1.000000
light
0
light
0.960784
0.000000
0.000000
1.000000
0.299000
-32.762001
-3.342000
-5.878000
0.000000
0.000000
0.000000
1.000000
1.000000
1.000000
light0
0
light
0.000000
0.282584
0.960784
1.000000
0.358000
-46.061001
-1.957000
-22.375000
0.000000
0.000000
0.000000
1.000000
1.000000
1.000000
fmeshobj10
0
empty
0.000000
0.000000
0.000000
0.000000
-0.000000
0.000000
1.000000
1.000000
1.000000
fmeshobj11
0
fnode
mesh_c
0.000000
0.000000
0.000000
0.000000
0.000000
0.000000
models/castle/castle.fbx
0.000000
0.000000
0.000000
0.000000
-0.000000
0.000000
1.000000
1.000000
1.000000
