default scene
2
scene
1.000000
0.100000
0
0
1
0.569000
1.000000
1.000000
0.921569
0.921569
0.921569
0.088000
1
0.976000
0.120000
1.658000
0.231000
1
1
1.000000
100.000000
1.543000
0.750000
0.750000
0.750000
models/bath/bath.dae
61
model
models/bath/bath.dae
0.000000
0.000000
0.000000
-90.000000
0.000000
280.000000
1.000000
1.000000
1.000000
Wall_Clear_Short_004
0
mesh
1
0
0.000000
0.000000
0.000000
0.000000
-0.000000
0.000000
1.000000
1.000000
1.000000
Selling_holder_Small_002
0
mesh
1
1
0.000000
0.000000
0.000000
0.000000
-0.000000
0.000000
1.000000
1.000000
1.000000
Selling_holder_Big_002
0
mesh
1
2
0.000000
0.000000
0.000000
0.000000
-0.000000
0.000000
1.000000
1.000000
1.000000
Hook_007
0
mesh
1
3
0.000000
0.000000
0.000000
0.000000
-0.000000
0.000000
1.000000
1.000000
1.000000
Candle_005
0
mesh
1
4
0.000000
0.000000
0.000000
0.000000
-0.000000
0.000000
1.000000
1.000000
1.000000
Hook_006
0
mesh
1
5
0.000000
0.000000
0.000000
0.000000
-0.000000
0.000000
1.000000
1.000000
1.000000
Candle_004
0
mesh
1
6
0.000000
0.000000
0.000000
0.000000
-0.000000
0.000000
1.000000
1.000000
1.000000
Hook_005
0
mesh
1
7
0.000000
0.000000
0.000000
0.000000
-0.000000
0.000000
1.000000
1.000000
1.000000
Candle_003
0
mesh
1
8
0.000000
0.000000
0.000000
0.000000
-0.000000
0.000000
1.000000
1.000000
1.000000
Hook_004
0
mesh
1
9
0.000000
0.000000
0.000000
0.000000
-0.000000
0.000000
1.000000
1.000000
1.000000
Candle_002
0
mesh
1
10
0.000000
0.000000
0.000000
0.000000
-0.000000
0.000000
1.000000
1.000000
1.000000
Wall_Clear_Short_003
0
mesh
1
11
0.000000
0.000000
0.000000
0.000000
-0.000000
0.000000
1.000000
1.000000
1.000000
Wall_Clear_Short_001
0
mesh
1
12
0.000000
0.000000
0.000000
0.000000
-0.000000
0.000000
1.000000
1.000000
1.000000
Curtain_flat_002
0
mesh
1
13
0.000000
0.000000
0.000000
0.000000
-0.000000
0.000000
1.000000
1.000000
1.000000
Wall_Corner_004
0
mesh
1
14
0.000000
0.000000
0.000000
0.000000
-0.000000
0.000000
1.000000
1.000000
1.000000
Wall_Doorway_Door_002
0
mesh
1
15
0.000000
0.000000
0.000000
0.000000
-0.000000
0.000000
1.000000
1.000000
1.000000
Wall_Clear_long_002
0
mesh
1
16
0.000000
0.000000
0.000000
0.000000
-0.000000
0.000000
1.000000
1.000000
1.000000
Wall_Window_003
0
mesh
1
17
0.000000
0.000000
0.000000
0.000000
-0.000000
0.000000
1.000000
1.000000
1.000000
Hook_003
0
mesh
1
18
0.000000
0.000000
0.000000
0.000000
-0.000000
0.000000
1.000000
1.000000
1.000000
Hook_002
0
mesh
1
19
0.000000
0.000000
0.000000
0.000000
-0.000000
0.000000
1.000000
1.000000
1.000000
Sink_002
0
mesh
1
20
0.000000
0.000000
0.000000
0.000000
-0.000000
0.000000
1.000000
1.000000
1.000000
Wall_Corner_002
0
mesh
1
21
0.000000
0.000000
0.000000
0.000000
-0.000000
0.000000
1.000000
1.000000
1.000000
Wall_Window_002
0
mesh
1
22
0.000000
0.000000
0.000000
0.000000
-0.000000
0.000000
1.000000
1.000000
1.000000
Wall_Clear_Short_002
0
mesh
1
23
0.000000
0.000000
0.000000
0.000000
-0.000000
0.000000
1.000000
1.000000
1.000000
Wall_Corner_001
0
mesh
1
24
0.000000
0.000000
0.000000
0.000000
-0.000000
0.000000
1.000000
1.000000
1.000000
Cup_sanitazer_001
0
mesh
1
25
0.000000
0.000000
0.000000
0.000000
-0.000000
0.000000
1.000000
1.000000
1.000000
Cup_glass_2_001
0
mesh
1
26
0.000000
0.000000
0.000000
0.000000
-0.000000
0.000000
1.000000
1.000000
1.000000
Cup_glass_1_001
0
mesh
1
27
0.000000
0.000000
0.000000
0.000000
-0.000000
0.000000
1.000000
1.000000
1.000000
Cup_Ceramic_5_001
0
mesh
1
28
0.000000
0.000000
0.000000
0.000000
-0.000000
0.000000
1.000000
1.000000
1.000000
Cup_Ceramic_4_001
0
mesh
1
29
0.000000
0.000000
0.000000
0.000000
-0.000000
0.000000
1.000000
1.000000
1.000000
Cup_Ceramic_3_001
0
mesh
1
30
0.000000
0.000000
0.000000
0.000000
-0.000000
0.000000
1.000000
1.000000
1.000000
Cup_Ceramic_2_001
0
mesh
1
31
0.000000
0.000000
0.000000
0.000000
-0.000000
0.000000
1.000000
1.000000
1.000000
Cup_Ceramic_1_001
0
mesh
1
32
0.000000
0.000000
0.000000
0.000000
-0.000000
0.000000
1.000000
1.000000
1.000000
Cup_Can_2_001
0
mesh
1
33
0.000000
0.000000
0.000000
0.000000
-0.000000
0.000000
1.000000
1.000000
1.000000
Cap_Can_1_001
0
mesh
1
34
0.000000
0.000000
0.000000
0.000000
-0.000000
0.000000
1.000000
1.000000
1.000000
Wall_Dam1_long_001
0
mesh
1
35
0.000000
0.000000
0.000000
0.000000
-0.000000
0.000000
1.000000
1.000000
1.000000
Wall_Clear_long_001
0
mesh
1
36
0.000000
0.000000
0.000000
0.000000
-0.000000
0.000000
1.000000
1.000000
1.000000
Wall_Window_001
0
mesh
1
37
0.000000
0.000000
0.000000
0.000000
-0.000000
0.000000
1.000000
1.000000
1.000000
Wall_Doorway_Door_001
0
mesh
1
38
0.000000
0.000000
0.000000
0.000000
-0.000000
0.000000
1.000000
1.000000
1.000000
Wall_corner_shelf_001
0
mesh
1
39
0.000000
0.000000
0.000000
0.000000
-0.000000
0.000000
1.000000
1.000000
1.000000
Selling_top_001
0
mesh
1
40
0.000000
0.000000
0.000000
0.000000
-0.000000
0.000000
1.000000
1.000000
1.000000
Selling_holder_Small_001
0
mesh
1
41
0.000000
0.000000
0.000000
0.000000
-0.000000
0.000000
1.000000
1.000000
1.000000
Selling_holder_Big_001
0
mesh
1
42
0.000000
0.000000
0.000000
0.000000
-0.000000
0.000000
1.000000
1.000000
1.000000
Floor_tile_001
0
mesh
1
43
0.000000
0.000000
0.000000
0.000000
-0.000000
0.000000
1.000000
1.000000
1.000000
Fabric_Carpet_Small_001
0
mesh
1
44
0.000000
0.000000
0.000000
0.000000
-0.000000
0.000000
1.000000
1.000000
1.000000
Fabric_Carpet_001
0
mesh
1
45
0.000000
0.000000
0.000000
0.000000
-0.000000
0.000000
1.000000
1.000000
1.000000
Fabric__Towel_Bath_001
0
mesh
1
46
0.000000
0.000000
0.000000
0.000000
-0.000000
0.000000
1.000000
1.000000
1.000000
Curtain_flat_001
0
mesh
1
47
0.000000
0.000000
0.000000
0.000000
-0.000000
0.000000
1.000000
1.000000
1.000000
Fabric_Sponge_001
0
mesh
1
48
0.000000
0.000000
0.000000
0.000000
-0.000000
0.000000
1.000000
1.000000
1.000000
Fabric_Towel_folded_001
0
mesh
1
49
0.000000
0.000000
0.000000
0.000000
-0.000000
0.000000
1.000000
1.000000
1.000000
Fabric_Towel_folded2_001
0
mesh
1
50
0.000000
0.000000
0.000000
0.000000
-0.000000
0.000000
1.000000
1.000000
1.000000
Door_Hinges_001
0
mesh
1
51
0.000000
0.000000
0.000000
0.000000
-0.000000
0.000000
1.000000
1.000000
1.000000
Door_001
0
mesh
1
52
0.000000
0.000000
0.000000
0.000000
-0.000000
0.000000
1.000000
1.000000
1.000000
HookTowel_001
0
mesh
1
53
0.000000
0.000000
0.000000
0.000000
-0.000000
0.000000
1.000000
1.000000
1.000000
Hook_001
0
mesh
1
54
0.000000
0.000000
0.000000
0.000000
-0.000000
0.000000
1.000000
1.000000
1.000000
Mirror_001
0
mesh
1
55
0.000000
0.000000
0.000000
0.000000
-0.000000
0.000000
1.000000
1.000000
1.000000
Pic_2_001
0
mesh
1
56
0.000000
0.000000
0.000000
0.000000
-0.000000
0.000000
1.000000
1.000000
1.000000
Pic_1_001
0
mesh
1
57
0.000000
0.000000
0.000000
0.000000
-0.000000
0.000000
1.000000
1.000000
1.000000
Sink_001
0
mesh
1
58
0.000000
0.000000
0.000000
0.000000
-0.000000
0.000000
1.000000
1.000000
1.000000
Bath_001
0
mesh
1
59
0.000000
0.000000
0.000000
0.000000
-0.000000
0.000000
1.000000
1.000000
1.000000
Candle_001
0
mesh
1
60
0.000000
0.000000
0.000000
0.000000
-0.000000
0.000000
1.000000
1.000000
1.000000
camera
0
camera
89.599983
-5.399992
2.424138
1.454224
-2.626647
0.000000
0.000000
0.000000
1.000000
1.000000
1.000000
