default scene
3
scene
1.813000
-0.352000
1
1
0
0.000000
1.000000
1.000000
1.000000
1.000000
1.000000
0.600000
0
0.960000
0.200000
0.900000
0.200000
0
0
1.000000
10.000000
1.000000
0.750000
0.750000
0.750000
models/sponza/sponza.obj
1
model
models/sponza/sponza.obj
0.000000
0.000000
0.000000
0.000000
-0.000000
0.000000
1.000000
1.000000
1.000000
Mesh_0
0
mesh
25
0
1
2
3
4
5
6
7
8
9
10
11
12
13
14
15
16
17
18
19
20
21
22
23
24
0.000000
0.000000
0.000000
0.000000
-0.000000
0.000000
1.000000
1.000000
1.000000
spot_light
0
spot_light
1.000000
1.000000
1.000000
1.000000
0.093000
17.201000
0.000000
0.000000
-1.000000
2.000000
5.000000
0.000000
0.000000
0.000000
0.000000
1.000000
1.000000
1.000000
camera
0
camera
-180.799881
-9.599967
7.155266
5.154331
-3.641698
0.000000
0.000000
0.000000
1.000000
1.000000
1.000000
